image: ./map_high_resolution.pgm
resolution: 0.01000
origin: [-1.700000, -1.700000, 0.000000]
negate: 0
occupied_thresh: 0.65
free_thresh: 0.196
